3
   14   32   53
   32   77   128
   53   128   213

3
   14   32   50
   32   77   122
   50   122   194

4
   1   2   3   4
   2   29   36   43
   3   36   109   126
   4   43   126   246

5
   1.50040   1.06180   1.37343   0.75486   0.78857
   1.06180   1.45784   1.41150   0.87909   1.20866
   1.37343   1.41150   2.16213   0.79598   1.17137
   0.75486   0.87909   0.79598   0.73324   0.74008
   0.78857   1.20866   1.17137   0.74008   1.10941

5
   1.63947   1.10207   0.60042   0.87735   0.24427
   1.10207   0.94350   1.36237   1.00498   0.47145
   0.60042   1.36237   1.42103   0.66141   1.34568
   0.87735   1.00498   0.66141   1.11120   0.99950
   0.24427   0.47145   1.34568   0.99950   0.32154

5
   0.00000   0.50002   -0.02633   -0.23598   -0.16588
   -0.50002   0.00000   -0.50740   0.89786   0.00493
   0.02633   0.50740   0.00000   0.18580   0.07650
   0.23598   -0.89786   -0.18580   0.00000   -0.52940
   0.16588   -0.00493   -0.07650   0.52940   0.00000

5
   1.50040   1.06180   1.37343   0.75486   0.78857
   -1.06180   1.45784   1.41150   0.87909   1.20866
   -1.37343   -1.41150   2.16213   0.79598   1.17137
   -0.75486   -0.87909   -0.79598   0.73324   0.74008
   -0.78857   -1.20866   -1.17137   -0.74008   1.10941

6
   0.3161033   0.3225228   0.0457900   0.1272576   -0.1258524   -0.0193280
   0.3225228   0.5798926   -0.1325807   0.0997750   -0.0012549   0.2261822
   0.0457900   -0.1325807   0.7555349   -0.0510603   -0.3411624   -0.4813482
   0.1272576   0.0997750   -0.0510603   0.5284544   -0.3153496   0.2972834
   -0.1258524   -0.0012549   -0.3411624   -0.3153496   0.7559030   -0.0408033
   -0.0193280   0.2261822   -0.4813482   0.2972834   -0.0408033   0.6595527
